請把程式碼寫在sketch.js內
利用ml5.js內的facemesh model功能
產生編號號碼為409,270,269,267,0,37,39,40,185,61,146,91,181,84,17,314,405,321,375,291
76,77,90,180,85,16,315,404,320,307,306,408,304,303,302,11,72,73,74,184
利用line的指令，畫線，把所有點串接在一起
線條顏色為紅色，線條粗細為5
利用
--------------------------------------------------------------------------------------------------------------------
請問index.html內的內容需要加入那些內容
sketch.js:15 Uncaught (in promise) ReferenceError: ml5 is not defined 請修正
找不到連結，請給可用連結
--------------------------------------------------------------------------------------------------------------------
再加上左眼，請把程式碼寫在sketch.js內
利用ml5.js內的facemesh model功能
產生編號號碼為243,190,56,28,27,29,30,247,130,25,110,24,23,22,26,112
133,173,157,158,159,160,161,246,33,7,163,144,145,153,154,155
利用line的指令，畫線，把所有點串接在一起
線條顏色為藍色，線條粗細為5
